--layer 0--
0.6212
0.5974
0.6219
0.5822
0.5975

--layer 1--
0.6278
0.6160
0.6131
0.5957
0.6053

--layer 2--
0.6359
0.6421
0.6288
0.6191
0.6287

--layer 3--
0.6384
0.6384
0.6357
0.6330
0.6394

--layer 4--
0.6498
0.6524
0.6484
0.6478
0.6335

--layer 5--
0.6392
0.6673
0.6660
0.6357
0.6520

--layer 6--
0.6547
0.6580
0.6719
0.6609
0.6316

--layer 7--
0.6400
0.6598
0.6650
0.6452
0.6637

--layer 8--
0.6318
0.6608
0.6533
0.6470
0.6579

--layer 9--
0.6090
0.6719
0.6376
0.6357
0.6540

--layer 10--
0.5951
0.6300
0.6210
0.6357
0.6335

--layer 11--
0.5560
0.5114
0.5918
0.5539
0.5945

--layer 12--
0.4861
0.5014
0.5465
0.5157
0.5175

--average--
0.6482
0.6421
0.6543
0.6670
0.6667