CCA-Frequency

Layer 0
0.5766911277929504
0.5894700469702374
0.6020078131697758
0.5886294914973914
Layer 1
0.570970290384093
0.5788123714436078
0.5897688503265262
0.575759433224974
Layer 2
0.5643900044764297
0.5675756224655311
0.5720682542438106
0.5569933500932511
Layer 3
0.5499595644784789
0.5452219029599037
0.5730962136113096
0.538144257755231
Layer 4
0.5294234957973134
0.535077920187261
0.553144367522538
0.5344745029464919
Layer 5
0.4918291912937545
0.5161906821596193
0.5369322318940918
0.5166741831246395
Layer 6
0.47960092436562013
0.49652211563742626
0.5164360655209453
0.4974358989370256
Layer 7
0.46390227943240003
0.4806838315978122
0.4998013457453827
0.48214632116850115
Layer 8
0.45015316203589445
0.4672414736440897
0.4881653938221141
0.46908290049937623
Layer 9
0.44232446331164066
0.4569393641636268
0.48068307227654855
0.4640618984945039
Layer 10
0.42231906656190593
0.44314112539828937
0.46567310246279187
0.4491652657915335
Layer 11
0.3942276937584846
0.41441393939124543
0.4379993790872416
0.41605372024348025
Layer 12
0.3741887483119616
0.39371496705433356
0.41700256979491196
0.39994191437445087