CCA-voice quality

Layer 0
0.5315822197297764
0.47033616546204304
0.5068574842123514
0.5573914965448434
Layer 1
0.5566096652741718
0.4940222261515991
0.5261239620554071
0.5815174644926394
Layer 2
0.5730574972182724
0.5122580272375947
0.5434576311387214
0.5921536230378079
Layer 3
0.5663618076195575
0.5015910560308778
0.5290891541044161
0.5847625203571672
Layer 4
0.5446041622039152
0.47743507153051734
0.5103947300530192
0.5642308677829465
Layer 5
0.5166541638406564
0.45394108760729646
0.4932171394862304
0.5377694543931653
Layer 6
0.4727135838554306
0.4316312653164445
0.47459995376561376
0.5167006735929535
Layer 7
0.4576346954005174
0.4163676644172787
0.45899705651365075
0.505127887315633
Layer 8
0.4628058309691052
0.40699524828139144
0.44988426990678076
0.4966683204467014
Layer 9
0.4409168462859538
0.4073179143303524
0.4437828415838728
0.4893988668459389
Layer 10
0.43745106462815647
0.38355482232985066
0.4259271461612289
0.47738446238757837
Layer 11
0.4125740462196568
0.36557152976989776
0.40663103777351767
0.4569519007741085
Layer 12
0.3944176994442708
0.34014178071165263
0.38759161171285456
0.44427393811365284