CCA-MFCC

Layer 0
0.862169630672972
0.8686810515005927
0.8749361470933478
0.8769360887008661
Layer 1
0.8593204884978469
0.8654877974130344
0.8686811320228796
0.8846013313828442
Layer 2
0.8468617926410112
0.8505402181495184
0.8537381877828664
0.8706979675471335
Layer 3
0.817337919224619
0.8223665611879621
0.8259863558544333
0.8480484368648459
Layer 4
0.7823620630658331
0.7852971299537816
0.7891949025286653
0.8211842061221345
Layer 5
0.7552042961119989
0.7546673385664837
0.758530950657545
0.7903433378673401
Layer 6
0.7280376607884392
0.7266180402441946
0.7340661978324629
0.7604357983337331
Layer 7
0.6990068143561872
0.7030184221948996
0.7155850443799843
0.7401903866926877
Layer 8
0.6817261291249843
0.6851511177213656
0.6928811510388246
0.7280054111916189
Layer 9
0.6642771022692185
0.6680587240363669
0.6794207373653367
0.7155476050753748
Layer 10
0.6372269808867628
0.6346845302380771
0.6554997976006975
0.692041598588409
Layer 11
0.6018796553989099
0.6059034526673446
0.6207645966667339
0.6532284187291906
Layer 12
0.6025943616046635
0.6019738076324312
0.6258845507703856
0.6658336639253848