CCA-Spectral

Layer 0
0.828918075789956
0.8430075318544509
0.858368754288088
0.8447412322966633
Layer 1
0.8390572793530701
0.8490289060291801
0.8552719863808349
0.8620586358367516
Layer 2
0.8269159134053978
0.8272623497978574
0.8546723836935797
0.8505832162253136
Layer 3
0.8185093012552974
0.8112125275154279
0.8273542794027253
0.8360594866212677
Layer 4
0.7936051017200468
0.8003931013322956
0.8064317605148924
0.8134881392440544
Layer 5
0.7714195789053278
0.778700950836918
0.7859727793823703
0.7880420552238284
Layer 6
0.7463380879137002
0.7593523100345894
0.7666231470266126
0.7672952665515117
Layer 7
0.7284592797459329
0.7291118842823161
0.7450480993765836
0.7459792661155383
Layer 8
0.7142856088964773
0.7083143774902001
0.729010398303403
0.7369945498400687
Layer 9
0.7051169557194905
0.6931104402982549
0.7200021236924581
0.7313901404214218
Layer 10
0.6897585399846053
0.6799495209029682
0.7027154543650382
0.7191440944798608
Layer 11
0.6495485469463611
0.6432058932875919
0.6598383495717207
0.6610880452975224
Layer 12
0.6251605888912006
0.6098277991511971
0.6375048038719925
0.6349376828926161