CCA-Energy

energy is more stable than frequency?

Layer 0
0.8417252491768088
0.8285262922314133
0.8593069638089306
0.8774481584754641
Layer 1
0.8588455989274766
0.8444580222309419
0.875101686134535
0.8929311636531002
Layer 2
0.8677353321651646
0.8534579789505787
0.8812976803833261
0.8991655705566504
Layer 3
0.8567817771645521
0.8325124204453265
0.8620948440800615
0.882751867617839
Layer 4
0.834623689064906
0.8082924800163908
0.8387974358087888
0.8582323912133065
Layer 5
0.8034803931050047
0.7797068524152018
0.8116954437257184
0.8283087250936048
Layer 6
0.7780874952555124
0.7549045380303435
0.7882087867068317
0.8009929559314475
Layer 7
0.7587932812131094
0.733124335407667
0.7676627051701287
0.7810181307771112
Layer 8
0.7441736530741576
0.7190895977814862
0.7319195371606118
0.7673564150091798
Layer 9
0.7016671843126292
0.7052432805724417
0.7129423582768613
0.7549743718277656
Layer 10
0.6703558957039119
0.6498049300660607
0.6856043423986253
0.7308022918184334
Layer 11
0.6335762312364412
0.6140557946369285
0.6474533988836009
0.6780591655083842
Layer 12
0.6069960152975045
0.5795265410675098
0.6195052796861024
0.6573865487872994