local - layer 0

Layer 0
0.999471758
0.999456566
0.999458432
0.999423943
Layer 1
0.729896671
0.730791413
0.733493739
0.748246382
Layer 2
0.593048517
0.588498277
0.591559282
0.605519999
Layer 3
0.506616391
0.497487928
0.499301036
0.510382468
Layer 4
0.444331177
0.433512766
0.43705932
0.447546466
Layer 5
0.396055368
0.384500937
0.388641615
0.395250151
Layer 6
0.195031843
0.142854162
0.191108706
0.230210469
Layer 7
0.334112783
0.320942271
0.32581955
0.333904768
Layer 8
0.317958301
0.302926651
0.308916595
0.317963026
Layer 9
0.307971764
0.292569862
0.298072067
0.308788685
Layer 10
0.287130271
0.270824688
0.277252397
0.288045124
Layer 11
0.247732144
0.232278092
0.237879274
0.247205861
Layer 12
0.236570182
0.219887145
0.225768107
0.243856255