local - layer 1

Layer 0
0.6879580762077903
0.686329477279297
0.6899622803286014
0.7107051368664203
Layer 1
0.9993809217821885
0.9993847161109946
0.9994407417365317
0.9994936296672968
Layer 2
0.7418498691220755
0.7409405432409012
0.7450759276931895
0.760807692140303
Layer 3
0.6151700743806903
0.6106086470170713
0.6159129486622104
0.6316969579291131
Layer 4
0.5228326063492912
0.5170912630476612
0.524055754477555
0.5432459245874534
Layer 5
0.45074796947148715
0.44240238549332667
0.45060005283177107
0.46775697785855636
Layer 6
0.404274117717919
0.3950834256285321
0.4045609836642723
0.42311620152576207
Layer 7
0.37191728379021394
0.3617518162295784
0.371247217070772
0.39273225751043767
Layer 8
0.3525779723790084
0.34060837663170107
0.34965684926442925
0.3721460314973939
Layer 9
0.3413895220739836
0.3286452853006905
0.33790871727459715
0.36039006448729155
Layer 10
0.3169446283087013
0.3034261008774191
0.31201313905872546
0.334219550513187
Layer 11
0.2698494875780581
0.2563325496044147
0.2645890552858987
0.28416496461441193
Layer 12
0.2610211977970931
0.24693905145700654
0.2557575088164322
0.28859862678474796